               CO2          CH4          N2O       CFC_11       CFC_12      CFC_113      HCFC_22       HFC125      HFC134a
YEARS                                                                                                                     
1850  4.314801e-04 4.470459e-07 4.143596e-07 0.000000e+00 0.000000e+00 0.000000e+00 0.000000e+00 0.000000e+00 0.000000e+00
1851  4.316774e-04 4.471344e-07 4.144659e-07 0.000000e+00 0.000000e+00 0.000000e+00 0.000000e+00 0.000000e+00 0.000000e+00
1852  4.319050e-04 4.475492e-07 4.145873e-07 0.000000e+00 0.000000e+00 0.000000e+00 0.000000e+00 0.000000e+00 0.000000e+00
1853  4.321023e-04 4.482350e-07 4.147239e-07 0.000000e+00 0.000000e+00 0.000000e+00 0.000000e+00 0.000000e+00 0.000000e+00
1854  4.322844e-04 4.489707e-07 4.148756e-07 0.000000e+00 0.000000e+00 0.000000e+00 0.000000e+00 0.000000e+00 0.000000e+00
1855  4.324210e-04 4.498556e-07 4.150426e-07 0.000000e+00 0.000000e+00 0.000000e+00 0.000000e+00 0.000000e+00 0.000000e+00
1856  4.325879e-04 4.506687e-07 4.152095e-07 0.000000e+00 0.000000e+00 0.000000e+00 0.000000e+00 0.000000e+00 0.000000e+00
1857  4.328156e-04 4.515813e-07 4.153613e-07 0.000000e+00 0.000000e+00 0.000000e+00 0.000000e+00 0.000000e+00 0.000000e+00
1858  4.330736e-04 4.526377e-07 4.154827e-07 0.000000e+00 0.000000e+00 0.000000e+00 0.000000e+00 0.000000e+00 0.000000e+00
1859  4.333467e-04 4.537661e-07 4.156952e-07 0.000000e+00 0.000000e+00 0.000000e+00 0.000000e+00 0.000000e+00 0.000000e+00
1860  4.336351e-04 4.548225e-07 4.159380e-07 0.000000e+00 0.000000e+00 0.000000e+00 0.000000e+00 0.000000e+00 0.000000e+00
1861  4.339234e-04 4.559785e-07 4.162112e-07 0.000000e+00 0.000000e+00 0.000000e+00 0.000000e+00 0.000000e+00 0.000000e+00
1862  4.341814e-04 4.574331e-07 4.164844e-07 0.000000e+00 0.000000e+00 0.000000e+00 0.000000e+00 0.000000e+00 0.000000e+00
1863  4.344394e-04 4.591699e-07 4.167120e-07 0.000000e+00 0.000000e+00 0.000000e+00 0.000000e+00 0.000000e+00 0.000000e+00
1864  4.346974e-04 4.610670e-07 4.169397e-07 0.000000e+00 0.000000e+00 0.000000e+00 0.000000e+00 0.000000e+00 0.000000e+00
1865  4.349554e-04 4.628867e-07 4.171825e-07 0.000000e+00 0.000000e+00 0.000000e+00 0.000000e+00 0.000000e+00 0.000000e+00
1866  4.352134e-04 4.648060e-07 4.174405e-07 0.000000e+00 0.000000e+00 0.000000e+00 0.000000e+00 0.000000e+00 0.000000e+00
1867  4.354714e-04 4.668193e-07 4.176834e-07 0.000000e+00 0.000000e+00 0.000000e+00 0.000000e+00 0.000000e+00 0.000000e+00
1868  4.357142e-04 4.686169e-07 4.179566e-07 0.000000e+00 0.000000e+00 0.000000e+00 0.000000e+00 0.000000e+00 0.000000e+00
1869  4.358963e-04 4.702098e-07 4.182146e-07 0.000000e+00 0.000000e+00 0.000000e+00 0.000000e+00 0.000000e+00 0.000000e+00
1870  4.360936e-04 4.714820e-07 4.184574e-07 0.000000e+00 0.000000e+00 0.000000e+00 0.000000e+00 0.000000e+00 0.000000e+00
1871  4.362909e-04 4.723448e-07 4.187306e-07 0.000000e+00 0.000000e+00 0.000000e+00 0.000000e+00 0.000000e+00 0.000000e+00
1872  4.365488e-04 4.730307e-07 4.190038e-07 0.000000e+00 0.000000e+00 0.000000e+00 0.000000e+00 0.000000e+00 0.000000e+00
1873  4.368524e-04 4.735506e-07 4.192618e-07 0.000000e+00 0.000000e+00 0.000000e+00 0.000000e+00 0.000000e+00 0.000000e+00
1874  4.371559e-04 4.744632e-07 4.195198e-07 0.000000e+00 0.000000e+00 0.000000e+00 0.000000e+00 0.000000e+00 0.000000e+00
1875  4.375049e-04 4.753758e-07 4.197778e-07 0.000000e+00 0.000000e+00 0.000000e+00 0.000000e+00 0.000000e+00 0.000000e+00
1876  4.378540e-04 4.761446e-07 4.200054e-07 0.000000e+00 0.000000e+00 0.000000e+00 0.000000e+00 0.000000e+00 0.000000e+00
1877  4.382030e-04 4.769854e-07 4.201876e-07 0.000000e+00 0.000000e+00 0.000000e+00 0.000000e+00 0.000000e+00 0.000000e+00
1878  4.385672e-04 4.779588e-07 4.204000e-07 0.000000e+00 0.000000e+00 0.000000e+00 0.000000e+00 0.000000e+00 0.000000e+00
1879  4.389163e-04 4.791425e-07 4.205973e-07 0.000000e+00 0.000000e+00 0.000000e+00 0.000000e+00 0.000000e+00 0.000000e+00
1880  4.392957e-04 4.804810e-07 4.208098e-07 0.000000e+00 0.000000e+00 0.000000e+00 0.000000e+00 0.000000e+00 0.000000e+00
1881  4.397054e-04 4.817420e-07 4.209616e-07 0.000000e+00 0.000000e+00 0.000000e+00 0.000000e+00 0.000000e+00 0.000000e+00
1882  4.401304e-04 4.829976e-07 4.211437e-07 0.000000e+00 0.000000e+00 0.000000e+00 0.000000e+00 0.000000e+00 0.000000e+00
1883  4.404946e-04 4.842974e-07 4.212955e-07 0.000000e+00 0.000000e+00 0.000000e+00 0.000000e+00 0.000000e+00 0.000000e+00
1884  4.408740e-04 4.857078e-07 4.214624e-07 0.000000e+00 0.000000e+00 0.000000e+00 0.000000e+00 0.000000e+00 0.000000e+00
1885  4.413141e-04 4.873007e-07 4.216142e-07 0.000000e+00 0.000000e+00 0.000000e+00 0.000000e+00 0.000000e+00 0.000000e+00
1886  4.417693e-04 4.888550e-07 4.217508e-07 0.000000e+00 0.000000e+00 0.000000e+00 0.000000e+00 0.000000e+00 0.000000e+00
1887  4.422398e-04 4.905640e-07 4.219177e-07 0.000000e+00 0.000000e+00 0.000000e+00 0.000000e+00 0.000000e+00 0.000000e+00
1888  4.427710e-04 4.922234e-07 4.220391e-07 0.000000e+00 0.000000e+00 0.000000e+00 0.000000e+00 0.000000e+00 0.000000e+00
1889  4.433021e-04 4.940099e-07 4.222061e-07 0.000000e+00 0.000000e+00 0.000000e+00 0.000000e+00 0.000000e+00 0.000000e+00
1890  4.438333e-04 4.957909e-07 4.223275e-07 0.000000e+00 0.000000e+00 0.000000e+00 0.000000e+00 0.000000e+00 0.000000e+00
1891  4.443796e-04 4.976106e-07 4.224489e-07 0.000000e+00 0.000000e+00 0.000000e+00 0.000000e+00 0.000000e+00 0.000000e+00
1892  4.449107e-04 4.997456e-07 4.225855e-07 0.000000e+00 0.000000e+00 0.000000e+00 0.000000e+00 0.000000e+00 0.000000e+00
1893  4.453812e-04 5.018142e-07 4.227525e-07 0.000000e+00 0.000000e+00 0.000000e+00 0.000000e+00 0.000000e+00 0.000000e+00
1894  4.458517e-04 5.035896e-07 4.229649e-07 0.000000e+00 0.000000e+00 0.000000e+00 0.000000e+00 0.000000e+00 0.000000e+00
1895  4.462918e-04 5.051107e-07 4.231774e-07 0.000000e+00 0.000000e+00 0.000000e+00 0.000000e+00 0.000000e+00 0.000000e+00
1896  4.467167e-04 5.059624e-07 4.233444e-07 0.000000e+00 0.000000e+00 0.000000e+00 0.000000e+00 0.000000e+00 0.000000e+00
1897  4.471568e-04 5.067921e-07 4.235113e-07 0.000000e+00 0.000000e+00 0.000000e+00 0.000000e+00 0.000000e+00 0.000000e+00
1898  4.476121e-04 5.083131e-07 4.236782e-07 0.000000e+00 0.000000e+00 0.000000e+00 0.000000e+00 0.000000e+00 0.000000e+00
1899  4.481432e-04 5.101162e-07 4.239059e-07 0.000000e+00 0.000000e+00 0.000000e+00 0.000000e+00 0.000000e+00 0.000000e+00
1900  4.487047e-04 5.119249e-07 4.241184e-07 0.000000e+00 0.000000e+00 0.000000e+00 0.000000e+00 0.000000e+00 0.000000e+00
1901  4.492207e-04 5.137225e-07 4.243612e-07 0.000000e+00 0.000000e+00 0.000000e+00 0.000000e+00 0.000000e+00 0.000000e+00
1902  4.497063e-04 5.158962e-07 4.247406e-07 0.000000e+00 0.000000e+00 0.000000e+00 0.000000e+00 0.000000e+00 0.000000e+00
1903  4.501919e-04 5.181362e-07 4.251959e-07 0.000000e+00 0.000000e+00 0.000000e+00 0.000000e+00 0.000000e+00 0.000000e+00
1904  4.506472e-04 5.210843e-07 4.256057e-07 0.000000e+00 0.000000e+00 0.000000e+00 0.000000e+00 0.000000e+00 0.000000e+00
1905  4.511632e-04 5.240323e-07 4.260307e-07 0.000000e+00 0.000000e+00 0.000000e+00 0.000000e+00 0.000000e+00 0.000000e+00
1906  4.517247e-04 5.271574e-07 4.264404e-07 0.000000e+00 0.000000e+00 0.000000e+00 0.000000e+00 0.000000e+00 0.000000e+00
1907  4.523924e-04 5.305147e-07 4.268957e-07 0.000000e+00 0.000000e+00 0.000000e+00 0.000000e+00 0.000000e+00 0.000000e+00
1908  4.530298e-04 5.332415e-07 4.273966e-07 0.000000e+00 0.000000e+00 0.000000e+00 0.000000e+00 0.000000e+00 0.000000e+00
1909  4.536672e-04 5.361785e-07 4.279126e-07 0.000000e+00 0.000000e+00 0.000000e+00 0.000000e+00 0.000000e+00 0.000000e+00
1910  4.543350e-04 5.391597e-07 4.284590e-07 0.000000e+00 0.000000e+00 0.000000e+00 0.000000e+00 0.000000e+00 0.000000e+00
1911  4.550179e-04 5.417482e-07 4.290812e-07 0.000000e+00 0.000000e+00 0.000000e+00 0.000000e+00 0.000000e+00 0.000000e+00
1912  4.558070e-04 5.440381e-07 4.295365e-07 0.000000e+00 0.000000e+00 0.000000e+00 0.000000e+00 0.000000e+00 0.000000e+00
1913  4.566569e-04 5.454927e-07 4.300525e-07 0.000000e+00 0.000000e+00 0.000000e+00 0.000000e+00 0.000000e+00 0.000000e+00
1914  4.574308e-04 5.468036e-07 4.305989e-07 0.000000e+00 0.000000e+00 0.000000e+00 0.000000e+00 0.000000e+00 0.000000e+00
1915  4.582200e-04 5.483799e-07 4.310997e-07 0.000000e+00 0.000000e+00 0.000000e+00 0.000000e+00 0.000000e+00 0.000000e+00
1916  4.590395e-04 5.522461e-07 4.314943e-07 0.000000e+00 0.000000e+00 0.000000e+00 0.000000e+00 0.000000e+00 0.000000e+00
1917  4.598438e-04 5.550946e-07 4.319648e-07 0.000000e+00 0.000000e+00 0.000000e+00 0.000000e+00 0.000000e+00 0.000000e+00
1918  4.605115e-04 5.586898e-07 4.322532e-07 0.000000e+00 0.000000e+00 0.000000e+00 0.000000e+00 0.000000e+00 0.000000e+00
1919  4.610579e-04 5.628381e-07 4.323139e-07 0.000000e+00 0.000000e+00 0.000000e+00 0.000000e+00 0.000000e+00 0.000000e+00
1920  4.617256e-04 5.669863e-07 4.324353e-07 0.000000e+00 0.000000e+00 0.000000e+00 0.000000e+00 0.000000e+00 0.000000e+00
1921  4.622568e-04 5.709134e-07 4.326023e-07 0.000000e+00 0.000000e+00 0.000000e+00 0.000000e+00 0.000000e+00 0.000000e+00
1922  4.627727e-04 5.747298e-07 4.327996e-07 0.000000e+00 0.000000e+00 0.000000e+00 0.000000e+00 0.000000e+00 0.000000e+00
1923  4.632735e-04 5.780484e-07 4.332549e-07 0.000000e+00 0.000000e+00 0.000000e+00 0.000000e+00 0.000000e+00 0.000000e+00
1924  4.638199e-04 5.804821e-07 4.334673e-07 0.000000e+00 0.000000e+00 0.000000e+00 0.000000e+00 0.000000e+00 0.000000e+00
1925  4.640930e-04 5.819754e-07 4.335280e-07 0.000000e+00 0.000000e+00 0.000000e+00 0.000000e+00 0.000000e+00 0.000000e+00
1926  4.643055e-04 5.827498e-07 4.335888e-07 0.000000e+00 0.000000e+00 0.000000e+00 0.000000e+00 0.000000e+00 0.000000e+00
1927  4.646545e-04 5.839666e-07 4.336646e-07 0.000000e+00 0.000000e+00 0.000000e+00 0.000000e+00 0.000000e+00 0.000000e+00
1928  4.648822e-04 5.866215e-07 4.338012e-07 0.000000e+00 0.000000e+00 0.000000e+00 0.000000e+00 0.000000e+00 0.000000e+00
1929  4.651250e-04 5.899954e-07 4.338923e-07 0.000000e+00 0.000000e+00 0.000000e+00 0.000000e+00 0.000000e+00 0.000000e+00
1930  4.653223e-04 5.932588e-07 4.339682e-07 0.000000e+00 0.000000e+00 8.496487e-15 0.000000e+00 0.000000e+00 0.000000e+00
1931  4.656258e-04 5.959690e-07 4.342414e-07 0.000000e+00 0.000000e+00 1.366674e-13 0.000000e+00 0.000000e+00 0.000000e+00
1932  4.660355e-04 5.984579e-07 4.343931e-07 0.000000e+00 0.000000e+00 4.845711e-13 0.000000e+00 0.000000e+00 0.000000e+00
1933  4.665060e-04 6.009469e-07 4.346208e-07 0.000000e+00 0.000000e+00 8.076509e-13 0.000000e+00 0.000000e+00 0.000000e+00
1934  4.670827e-04 6.038783e-07 4.347726e-07 0.000000e+00 0.000000e+00 1.130711e-12 2.271358e-15 0.000000e+00 0.000000e+00
1935  4.677656e-04 6.068098e-07 4.349547e-07 0.000000e+00 0.000000e+00 1.453772e-12 5.689130e-14 0.000000e+00 0.000000e+00
1936  4.689493e-04 6.094094e-07 4.351975e-07 0.000000e+00 0.000000e+00 1.776832e-12 2.365163e-13 0.000000e+00 0.000000e+00
1937  4.700875e-04 6.118983e-07 4.355010e-07 0.000000e+00 0.000000e+00 2.099892e-12 4.174414e-13 0.000000e+00 0.000000e+00
1938  4.708918e-04 6.142767e-07 4.358653e-07 0.000000e+00 0.000000e+00 2.422953e-12 5.963448e-13 0.000000e+00 0.000000e+00
1939  4.717417e-04 6.177612e-07 4.361688e-07 0.000000e+00 0.000000e+00 2.746013e-12 7.752483e-13 0.000000e+00 0.000000e+00
1940  4.725156e-04 6.195312e-07 4.365179e-07 0.000000e+00 0.000000e+00 3.069073e-12 9.541517e-13 0.000000e+00 0.000000e+00
1941  4.731986e-04 6.212458e-07 4.368821e-07 0.000000e+00 0.000000e+00 3.392134e-12 1.133055e-12 0.000000e+00 0.000000e+00
1942  4.737449e-04 6.240113e-07 4.373071e-07 0.000000e+00 0.000000e+00 3.715194e-12 1.311959e-12 0.000000e+00 0.000000e+00
1943  4.740788e-04 6.265003e-07 4.382784e-07 0.000000e+00 0.000000e+00 4.038254e-12 1.490862e-12 0.000000e+00 0.000000e+00
1944  4.741091e-04 6.284914e-07 4.386123e-07 0.000000e+00 8.102638e-14 4.361315e-12 1.669766e-12 0.000000e+00 0.000000e+00
1945  4.740636e-04 6.301508e-07 4.389614e-07 2.294600e-14 1.757364e-12 4.684375e-12 1.848699e-12 0.000000e+00 0.000000e+00
1946  4.740788e-04 6.325844e-07 4.392649e-07 3.949245e-13 6.819741e-12 5.007435e-12 2.027572e-12 0.000000e+00 0.000000e+00
1947  4.742305e-04 6.358477e-07 4.393863e-07 1.421116e-12 1.181999e-11 5.330496e-12 2.206506e-12 0.000000e+00 0.000000e+00
1948  4.742760e-04 6.391663e-07 4.394622e-07 2.368496e-12 1.678147e-11 5.653556e-12 2.385379e-12 0.000000e+00 0.000000e+00
1949  4.744430e-04 6.417659e-07 4.395229e-07 3.315875e-12 2.174295e-11 5.976616e-12 2.564313e-12 0.000000e+00 0.000000e+00
1950  4.747313e-04 6.437018e-07 4.397354e-07 4.234217e-12 2.660979e-11 6.299677e-12 2.765549e-12 0.000000e+00 0.000000e+00
1951  4.750197e-04 6.464673e-07 4.399175e-07 5.432747e-12 3.241806e-11 6.618860e-12 2.787912e-12 0.000000e+00 0.000000e+00
1952  4.755205e-04 6.495094e-07 4.401755e-07 7.361137e-12 3.937663e-11 6.973581e-12 2.743186e-12 0.000000e+00 0.000000e+00
1953  4.761123e-04 6.545426e-07 4.406308e-07 1.008675e-11 4.675048e-11 7.358669e-12 2.761822e-12 0.000000e+00 0.000000e+00
1954  4.766587e-04 6.606268e-07 4.409647e-07 1.356458e-11 5.505157e-11 7.805138e-12 2.873666e-12 0.000000e+00 0.000000e+00
1955  4.771443e-04 6.674299e-07 4.414049e-07 1.784768e-11 6.437415e-11 8.358863e-12 3.142439e-12 0.000000e+00 0.000000e+00
1956  4.775844e-04 6.753946e-07 4.419361e-07 2.321458e-11 7.507677e-11 8.969447e-12 3.536325e-12 0.000000e+00 0.000000e+00
1957  4.780245e-04 6.835252e-07 4.424217e-07 2.955539e-11 8.746379e-11 9.675657e-12 4.014892e-12 0.000000e+00 0.000000e+00
1958  4.785556e-04 6.899412e-07 4.428163e-07 3.584504e-11 1.008306e-10 1.051561e-11 4.724840e-12 0.000000e+00 0.000000e+00
1959  4.792689e-04 6.954170e-07 4.431502e-07 4.167095e-11 1.151105e-10 1.148480e-11 5.683166e-12 0.000000e+00 0.000000e+00
1960  4.804981e-04 6.991781e-07 4.435903e-07 4.849161e-11 1.317711e-10 1.257932e-11 6.707090e-12 0.000000e+00 0.000000e+00
1961  4.815301e-04 7.021648e-07 4.440760e-07 5.763856e-11 1.510833e-10 1.383474e-11 7.864894e-12 0.000000e+00 0.000000e+00
1962  4.826531e-04 7.094105e-07 4.446072e-07 6.934817e-11 1.729305e-10 1.528528e-11 9.330411e-12 0.000000e+00 0.000000e+00
1963  4.835788e-04 7.194770e-07 4.451839e-07 8.392360e-11 1.984800e-10 1.696390e-11 1.119250e-11 0.000000e+00 0.000000e+00
1964  4.846108e-04 7.286585e-07 4.457303e-07 1.014738e-10 2.284782e-10 1.886414e-11 1.342611e-11 0.000000e+00 0.000000e+00
1965  4.853544e-04 7.362360e-07 4.462766e-07 1.217856e-10 2.627875e-10 2.105061e-11 1.607477e-11 0.000000e+00 0.000000e+00
1966  4.869631e-04 7.423754e-07 4.468837e-07 1.444943e-10 3.012243e-10 2.360408e-11 1.929921e-11 0.000000e+00 0.000000e+00
1967  4.878736e-04 7.490680e-07 4.475060e-07 1.698935e-10 3.444267e-10 2.650322e-11 2.318082e-11 0.000000e+00 0.000000e+00
1968  4.892546e-04 7.586920e-07 4.481282e-07 1.986607e-10 3.929992e-10 2.982235e-11 2.797990e-11 0.000000e+00 0.000000e+00
1969  4.905597e-04 7.684266e-07 4.487505e-07 2.317432e-10 4.473253e-10 3.362283e-11 3.337146e-11 5.035046e-18 0.000000e+00
1970  4.928816e-04 7.804843e-07 4.493879e-07 2.697805e-10 5.071966e-10 3.800740e-11 3.904270e-11 3.541459e-17 0.000000e+00
1971  4.938226e-04 7.915463e-07 4.500253e-07 3.119104e-10 5.717792e-10 4.303681e-11 4.508367e-11 4.163866e-17 0.000000e+00
1972  4.967818e-04 8.016128e-07 4.506931e-07 3.584457e-10 6.414901e-10 4.880537e-11 5.173888e-11 4.300027e-17 0.000000e+00
1973  5.006669e-04 8.091350e-07 4.513609e-07 4.115084e-10 7.182054e-10 5.541454e-11 5.941980e-11 4.436601e-17 0.000000e+00
1974  5.019568e-04 8.164360e-07 4.520590e-07 4.715059e-10 8.028424e-10 6.298449e-11 6.716632e-11 4.572762e-17 0.000000e+00
1975  5.020630e-04 8.250644e-07 4.527724e-07 5.320956e-10 8.890637e-10 7.169355e-11 7.507683e-11 4.709750e-17 0.000000e+00
1976  5.031405e-04 8.346884e-07 4.535008e-07 5.908331e-10 9.714493e-10 8.164381e-11 8.407269e-11 4.846325e-17 0.000000e+00
1977  5.058874e-04 8.449761e-07 4.542749e-07 6.480074e-10 1.050625e-09 9.355181e-11 9.364999e-11 4.983313e-17 0.000000e+00
1978  5.084066e-04 8.555957e-07 4.550792e-07 7.010607e-10 1.125714e-09 1.031402e-10 1.065191e-10 5.120302e-17 0.000000e+00
1979  5.108195e-04 8.662706e-07 4.558988e-07 7.467244e-10 1.194466e-09 1.142535e-10 1.207270e-10 4.754034e-17 0.000000e+00
1980  5.140064e-04 8.766137e-07 4.567791e-07 7.867038e-10 1.259882e-09 1.303032e-10 1.328388e-10 2.284270e-17 0.000000e+00
1981  5.160704e-04 8.864589e-07 4.576745e-07 8.277253e-10 1.331761e-09 1.502683e-10 1.450967e-10 4.450673e-17 0.000000e+00
1982  5.169506e-04 8.953086e-07 4.586306e-07 8.681784e-10 1.397303e-09 1.763845e-10 1.573277e-10 5.279225e-17 0.000000e+00
1983  5.194242e-04 9.029967e-07 4.596171e-07 9.055525e-10 1.469724e-09 1.992055e-10 1.693202e-10 4.838461e-17 0.000000e+00
1984  5.220648e-04 9.090255e-07 4.606643e-07 9.472372e-10 1.529303e-09 2.248435e-10 1.811159e-10 1.642619e-17 0.000000e+00
1985  5.242653e-04 9.158840e-07 4.617571e-07 1.013838e-09 1.597972e-09 2.561998e-10 1.932157e-10 3.546301e-17 0.000000e+00
1986  5.264507e-04 9.230190e-07 4.628953e-07 1.053202e-09 1.677772e-09 2.882215e-10 2.061564e-10 4.984141e-17 0.000000e+00
1987  5.292885e-04 9.312603e-07 4.640943e-07 1.105307e-09 1.765078e-09 3.284296e-10 2.205999e-10 1.201649e-16 0.000000e+00
1988  5.330977e-04 9.369019e-07 4.653540e-07 1.159734e-09 1.873355e-09 3.740780e-10 2.371604e-10 1.319599e-16 2.712204e-16
1989  5.355410e-04 9.433732e-07 4.671904e-07 1.215440e-09 1.951529e-09 4.167220e-10 2.546094e-10 1.359289e-16 1.917214e-15
1990  5.373317e-04 9.498999e-07 4.684804e-07 1.246230e-09 2.012776e-09 4.575762e-10 2.712892e-10 8.654684e-15 2.728528e-14
1991  5.392743e-04 9.564818e-07 4.693152e-07 1.268494e-09 2.058722e-09 4.941919e-10 2.874442e-10 1.270225e-13 2.667768e-13
1992  5.406097e-04 9.624553e-07 4.700740e-07 1.282657e-09 2.109129e-09 5.195069e-10 3.026152e-10 3.924571e-13 6.896173e-13
1993  5.416569e-04 9.641146e-07 4.706356e-07 1.284504e-09 2.134645e-09 5.325068e-10 3.143334e-10 8.091831e-13 1.283889e-12
1994  5.436753e-04 9.671567e-07 4.717131e-07 1.277209e-09 2.160578e-09 5.386062e-10 3.307925e-10 1.356350e-12 2.154487e-12
1995  5.466953e-04 9.708072e-07 4.724264e-07 1.269962e-09 2.187470e-09 5.416947e-10 3.460291e-10 1.993408e-12 5.802341e-12
1996  5.493662e-04 9.719134e-07 4.739745e-07 1.263615e-09 2.215613e-09 5.423860e-10 3.719105e-10 2.689234e-12 1.137072e-11
1997  5.512632e-04 9.742917e-07 4.753100e-07 1.256651e-09 2.230414e-09 5.396465e-10 3.798120e-10 3.413617e-12 1.899623e-11
1998  5.553303e-04 9.791590e-07 4.764180e-07 1.249972e-09 2.241713e-09 5.360540e-10 4.003561e-10 4.136344e-12 2.853533e-11
1999  5.582289e-04 9.835286e-07 4.776321e-07 1.243672e-09 2.252011e-09 5.322936e-10 4.135055e-10 5.050773e-12 3.913026e-11
2000  5.601714e-04 9.834179e-07 4.792257e-07 1.237135e-09 2.261351e-09 5.298060e-10 4.277581e-10 6.637106e-12 5.169051e-11
2001  5.625237e-04 9.825883e-07 4.803336e-07 1.229462e-09 2.264769e-09 5.265173e-10 4.450521e-10 8.187433e-12 6.931707e-11
2002  5.658017e-04 9.839710e-07 4.812594e-07 1.220556e-09 2.266687e-09 5.221818e-10 4.604677e-10 1.045829e-11 8.273226e-11
2003  5.697170e-04 9.865153e-07 4.822155e-07 1.209851e-09 2.265395e-09 5.175556e-10 4.740941e-10 1.205994e-11 9.681240e-11
2004  5.721148e-04 9.868472e-07 4.831717e-07 1.199335e-09 2.263310e-09 5.121605e-10 4.911198e-10 1.467182e-11 1.109840e-10
2005  5.750286e-04 9.864047e-07 4.843403e-07 1.188535e-09 2.260392e-09 5.087037e-10 5.083243e-10 1.751464e-11 1.287865e-10
2006  5.782155e-04 9.864047e-07 4.855545e-07 1.177877e-09 2.254138e-09 5.048012e-10 5.295840e-10 1.998540e-11 1.437638e-10
2007  5.806285e-04 9.895021e-07 4.866472e-07 1.167219e-09 2.244882e-09 4.995482e-10 5.516786e-10 2.280132e-11 1.594377e-10
2008  5.838761e-04 9.947012e-07 4.880435e-07 1.158076e-09 2.236126e-09 4.941143e-10 5.757709e-10 2.660843e-11 1.749252e-10
2009  5.862132e-04 9.967477e-07 4.891058e-07 1.148508e-09 2.225494e-09 4.905607e-10 5.972692e-10 3.189221e-11 1.856453e-10
2010  5.899161e-04 9.999557e-07 4.904262e-07 1.138987e-09 2.215071e-09 4.867809e-10 6.194532e-10 3.709528e-11 2.035393e-10
2011  5.932852e-04 1.002832e-06 4.919743e-07 1.128566e-09 2.203606e-09 4.822516e-10 6.397587e-10 4.331067e-11 2.211166e-10
2012  5.964417e-04 1.004049e-06 4.932643e-07 1.118902e-09 2.192348e-09 4.779936e-10 6.563073e-10 4.859155e-11 2.383667e-10
2013  6.005392e-04 1.008086e-06 4.946454e-07 1.110234e-09 2.181008e-09 4.736388e-10 6.742573e-10 5.772134e-11 2.630615e-10
2014  6.033164e-04 1.013009e-06 4.962693e-07 1.104076e-09 2.170460e-09 4.698008e-10 6.844250e-10 6.354852e-11 2.832775e-10